2.00000
0.45470
0.08352
0.50855
0.09106
0.58720
2.00000
0.45653
0.08408
0.50999
0.09100
0.58200
2.00000
0.45462
0.08284
0.50953
0.09033
0.59440
2.00000
0.45663
0.08267
0.51104
0.08919
0.57940
2.00000
0.45607
0.08431
0.50940
0.09172
0.57860
2.00000
0.33808
0.00000
0.21085
0.00000
0.99980
2.00000
0.37471
0.00000
0.44661
0.00000
0.99000
2.00000
0.37898
0.00647
0.38110
0.01383
0.01000
2.00000
0.20683
0.00215
0.20690
0.00345
0.00100
2.00000
0.33213
0.00071
0.33216
0.00212
0.00020
2.00000
0.24745
0.00165
0.24740
0.00000
0.00100
2.00000
0.25072
0.04654
0.16127
0.06598
0.99900
2.00000
0.13901
0.01384
0.13908
0.01727
0.00300
2.00000
0.21685
0.00078
0.21683
0.00000
0.00100
2.00000
0.42208
0.09517
0.48630
0.13133
0.99900
2.00000
0.20845
0.00458
0.20830
0.00000
0.00100
2.00000
0.32563
0.00143
0.32568
0.00000
0.00100
1.00000
2.00000
0.20321
0.00661
0.20309
0.00619
0.00300
1.00000
2.00000
0.25590
0.00092
0.25593
0.00000
0.00100
1.00000
2.00000
0.35936
0.09368
0.40661
0.13432
0.99900
1.00000
2.00000
0.38361
0.11263
0.42577
0.16098
0.93300
1.00000
2.00000
0.32159
0.04975
0.29284
0.12196
0.95000
1.00000
2.00000
0.39334
0.00000
0.46684
0.00000
0.00000
1.00000
2.00000
0.16999
0.00258
0.16990
0.00000
0.00100
0.00000
2.00000
0.30964
0.00141
0.30969
0.00000
0.00100
2.00000
0.39532
0.07747
0.45519
0.09754
0.85900
1.00000
2.00000
0.33544
0.00000
0.32500
0.00000
0.00000
1.00000
2.00000
0.40867
0.06922
0.29822
0.14842
0.94000
2.00000
0.49591
0.07178
0.46351
0.19966
0.99700
1.00000
2.00000
0.21564
0.00000
0.12103
0.00000
0.00000
1.00000
2.00000
0.22429
0.01878
0.19010
0.04147
0.06800
1.00000
2.00000
0.25226
0.04427
0.23910
0.05949
0.13200
1.00000
2.00000
0.09714
0.03244
0.05819
0.02949
0.13800
1.00000
2.00000
0.29895
0.00099
0.29898
0.00000
0.00100
1.00000
2.00000
0.32758
0.06357
0.19641
0.02501
0.00200
1.00000
2.00000
0.52358
0.02843
0.59574
0.00569
0.11000
1.00000
2.00000
0.21433
0.03052
0.15967
0.04921
0.02200
1.00000
2.00000
0.22935
0.08999
0.18595
0.12620
0.08000
1.00000
2.00000
0.15792
0.01523
0.10261
0.02447
0.02800
1.00000
2.00000
0.47087
0.07172
0.52845
0.08957
0.44000
1.00000
2.00000
0.18077
0.06220
0.16126
0.01835
0.07100
1.00000
2.00000
0.21925
0.01557
0.21838
0.01682
0.00500
1.00000
2.00000
0.25917
0.00989
0.14776
0.00692
0.02000
1.00000
2.00000
0.32468
0.11559
0.33810
0.15436
0.20300
1.00000
2.00000
0.28073
0.00000
0.32002
0.00000
0.00000
1.00000
2.00000
0.47001
0.00000
0.56304
0.00000
0.00000
1.00000
2.00000
0.11949
0.03425
0.10802
0.01889
0.08600
1.00000
2.00000
0.19648
0.03890
0.15198
0.05569
0.02960
1.00000
2.00000
0.14460
0.01232
0.10625
0.01085
0.00520
1.00000
2.00000
0.28433
0.00992
0.28456
0.01462
0.00060
1.00000
2.00000
0.25225
0.00383
0.25261
0.00822
0.00200
1.00000
2.00000
0.43473
0.01633
0.43130
0.03313
0.01900
1.00000
2.00000
0.26209
0.00013
0.25932
0.01749
0.00100
1.00000
2.00000
0.22379
0.00876
0.16659
0.01354
0.00080
1.00000
2.00000
0.27626
0.00021
0.27627
0.00000
0.00100
1.00000
2.00000
0.26325
0.04047
0.16433
0.01267
0.09200
