1.00000
1.00000
2.00000
0.02428
0.00119
0.02555
0.00143
0.00060
0.99930
2.00000
1.00000
2.00000
0.01924
0.00112
0.01667
0.00136
0.00060
0.99930
3.00000
1.00000
2.00000
0.00652
0.00010
0.00661
0.00010
0.00060
0.99930
4.00000
1.00000
2.00000
0.01519
0.00129
0.01244
0.00115
0.01560
0.98430
5.00000
1.00000
2.00000
0.01678
0.00045
0.01668
0.00065
0.00020
0.99970
6.00000
1.00000
2.00000
0.02603
0.00171
0.02597
0.00162
0.00040
0.99950
7.00000
1.00000
2.00000
0.02471
0.00040
0.01416
0.00055
0.00060
0.99930
